41 20 5 303 1713
41 20 7 1714 1932
41 20 4 1933 2939
41 20 8 2940 3060
41 20 5 3061 4293
41 20 11 4294 4658
41 20 6 4659 5909
41 20 10 5910 6101
41 20 4 6102 7321
41 20 9 7322 7602
41 20 6 7769 8975
41 20 12 8976 9133
41 20 1 9946 10785
41 20 1 10961 11828
41 20 3 12344 12956
41 20 2 13070 13699
41 20 3 13846 14396
41 20 2 14544 15201
41 20 3 15354 15972
41 20 2 16103 16738
42 21 5 385 1998
42 21 7 1999 2175
42 21 4 2176 3748
42 21 8 3749 3894
42 21 5 3895 5564
42 21 11 5565 5877
42 21 6 5878 7186
42 21 10 7187 7390
42 21 4 7391 9012
42 21 9 9013 9214
42 21 6 9215 10909
42 21 12 10910 11115
42 21 1 11949 12942
42 21 1 13272 14211
42 21 3 14936 15509
42 21 2 15696 16339
42 21 3 16650 17250
42 21 2 17530 18126
42 21 3 18356 18967
42 21 2 19166 19774
43 21 5 279 1872
43 21 7 1873 2012
43 21 4 2013 3281
43 21 8 3282 3399
43 21 5 3400 4933
43 21 11 4934 5207
43 21 6 5208 6812
43 21 10 6813 7008
43 21 4 7009 8388
43 21 9 8389 8600
43 21 6 8601 10112
43 21 12 10113 10308
43 21 1 11211 12097
43 21 1 12456 13386
43 21 3 14047 14664
43 21 2 14819 15402
43 21 3 15573 16120
43 21 2 16294 16865
43 21 3 17012 17574
43 21 2 17739 18307
44 22 5 599 1696
44 22 7 1697 1910
44 22 4 1911 2991
44 22 8 2992 3095
44 22 5 3096 4246
44 22 11 4247 4419
44 22 6 4420 5493
44 22 10 5494 5678
44 22 4 5679 6896
44 22 9 6897 7032
44 22 6 7033 8517
44 22 12 8518 8774
44 22 1 9605 10453
44 22 1 10744 11526
44 22 3 12730 13221
44 22 2 13408 13955
44 22 3 14179 14661
44 22 2 14894 15435
44 22 3 15696 16202
44 22 2 16439 16970
45 22 5 836 2078
45 22 7 2079 2197
45 22 4 2198 3206
45 22 8 3207 3312
45 22 5 3313 4381
45 22 11 4382 4520
45 22 6 4521 5894
45 22 10 5895 6055
45 22 4 6056 7134
45 22 9 7135 7293
45 22 6 7294 8359
45 22 10 8360 8516
45 22 8 8843 8934
45 22 1 9788 10628
45 22 1 10928 11741
45 22 3 12700 13190
45 22 2 13361 13909
45 22 3 14089 14589
45 22 2 14732 15293
45 22 3 15569 16079
45 22 2 16307 16864
46 23 5 1186 2465
46 23 7 2466 2608
46 23 4 2609 3914
46 23 8 3915 4035
46 23 5 4036 5179
46 23 11 5180 5432
46 23 6 5433 6470
46 23 10 6471 6644
46 23 4 6645 7992
46 23 9 7993 8205
46 23 6 8206 9462
46 23 12 9463 9638
46 23 1 10472 11533
46 23 1 11694 12723
46 23 3 13825 14494
46 23 2 14711 15356
46 23 3 15606 16265
46 23 2 16399 16985
46 23 3 17303 17944
46 23 2 18110 18687
47 23 5 424 1597
47 23 7 1598 1819
47 23 4 1820 2774
47 23 8 2775 2924
47 23 5 2925 4223
47 23 11 4224 4483
47 23 6 4484 6041
47 23 10 6042 6212
47 23 4 6213 7340
47 23 9 7341 7559
47 23 6 7560 8660
47 23 12 8661 8821
47 23 1 9607 10673
47 23 1 10809 11815
47 23 3 12723 13402
47 23 2 13522 14142
47 23 3 14294 14952
47 23 2 15055 15729
47 23 3 15892 16556
47 23 2 16692 17355
48 24 5 484 1705
48 24 7 1706 1876
48 24 4 1877 3242
48 24 8 3243 3351
48 24 5 3352 4513
48 24 11 4514 5007
48 24 6 5008 6268
48 24 10 6269 6478
48 24 4 6479 7573
48 24 9 7574 7807
48 24 6 7808 9088
48 24 12 9089 9410
48 24 1 10923 11939
48 24 1 12132 13092
48 24 3 13920 14336
48 24 3 14372 14595
48 24 2 15408 16104
48 24 3 16302 17044
48 24 2 17176 17928
48 24 3 18131 18852
48 24 2 18989 19741
49 24 5 483 1786
49 24 7 1787 1973
49 24 4 1974 3033
49 24 8 3034 3157
49 24 5 3158 4357
49 24 11 4358 4605
49 24 6 4606 5827
49 24 10 5828 6007
49 24 4 6008 7381
49 24 9 7382 7587
49 24 6 7588 8838
49 24 12 8839 9034
49 24 1 10013 11026
49 24 1 11275 12375
49 24 3 13286 13989
49 24 2 14130 14850
49 24 3 15015 15702
49 24 2 15814 16538
49 24 3 16683 17374
49 24 2 17519 18243
50 25 5 409 1748
50 25 7 1749 1886
50 25 4 1887 3046
50 25 8 3047 3198
50 25 5 3199 4462
50 25 11 4463 4647
50 25 6 4648 6024
50 25 10 6025 6304
50 25 4 6305 7527
50 25 9 7528 7726
50 25 6 7727 8784
50 25 12 8785 9107
50 25 1 10170 11483
50 25 1 11819 12995
50 25 3 14023 14670
50 25 2 14818 15601
50 25 3 15833 16557
50 25 2 16654 17546
50 25 3 17850 18633
50 25 2 18807 19654